0
1
499
332
292
330
333
323
340
295
290
291
324
325
289
334
335
294
296
120
329
326
328
331
297
315
320
344
345
317
337
318
342
293
338
307
327
141
339
336
175
177
27
26
16
23
17
12
174
176
15
18
143
13
22
24
20
14
172
25
3
19
157
9
11
6
10
173
8
170
4
28
165
168
163
166
7
21
160
158
171
5
162
159
155
167
147
164
161
142
152
156
149
151
169
146
2
29
30
31
44
60
119
103
43
42
39
59
117
53
54
55
51
49
67
102
52
118
50
104
38
108
122
121
62
37
66
35
41
84
58
34
72
56
100
70
116
40
57
101
73
36
65
107
85
74
106
61
45
33
99
112
109
69
123
125
46
48
86
94
95
110
114
91
115
75
105
47
64
98
88
71
90
63
113
77
83
111
124
97
80
76
68
87
126
81
96
78
89
93
92
79
82
32
131
135
127
129
148
145
153
150
154
144
202
273
272
220
278
282
271
279
275
274
269
225
219
270
216
265
215
217
221
228
280
224
286
210
230
226
208
222
227
288
283
229
266
268
213
287
206
231
212
207
277
218
276
209
267
200
199
281
223
211
198
197
285
284
196
195
264
194
263
205
261
214
204
201
260
256
259
262
257
232
258
238
247
248
183
255
185
236
235
244
240
246
239
245
237
181
189
243
241
242
234
249
182
233
252
253
251
180
192
250
203
179
178
190
191
193
188
187
254
184
186
133
139
132
134
140
137
130
138
128
136
357
358
410
419
401
384
422
417
405
407
501
507
421
418
416
412
497
506
396
495
372
400
379
408
496
411
500
406
492
404
491
409
371
395
403
505
498
391
394
385
398
402
490
504
386
367
369
388
374
494
368
393
399
413
387
375
415
377
376
378
508
397
503
423
390
383
414
502
380
488
373
392
370
382
493
483
489
366
389
424
486
482
420
364
362
481
381
584
308
348
316
322
349
347
343
305
583
321
425
361
304
365
314
580
363
303
346
306
359
319
313
302
300
487
350
301
581
309
299
356
582
352
360
341
351
354
298
312
355
579
311
353
545
484
527
509
485
531
537
432
530
534
532
528
573
571
533
310
474
428
472
536
519
520
431
518
529
526
538
535
516
525
539
430
476
439
445
446
450
554
455
470
448
475
510
464
477
451
524
562
523
557
457
555
444
522
463
458
456
572
473
447
443
547
462
515
570
454
521
461
548
453
471
442
575
469
512
449
546
574
517
441
467
426
438
466
459
434
452
468
429
513
460
478
544
514
511
578
479
465
549
433
440
556
550
435
564
559
480
427
569
540
558
542
551
437
565
561
543
541
567
568
436
552
563
566
577
560
576
553
